1 26
2 26
3 26
4 26
5 26
6 26
7 26
8 26
9 26
10 26
11 26
12 26
13 26
14 26
15 26
16 26
17 26
18 26
19 26
20 26
21 26
22 26
23 26
24 26
25 26
26 26
27 26
28 26
29 26
30 26
31 26
32 26
33 26
34 26
35 26
36 26
37 26
38 26
39 26
40 26
41 26
42 26
43 26
44 26
45 26
46 26
47 26
48 26
49 26
50 26
51 26
52 26
53 26
54 26
55 26
56 26
57 26
58 26
59 26
60 26
61 26
62 26
63 26
64 26
65 26
66 26
67 26
68 26
69 26
70 26
71 26
72 26
73 26
74 26
75 26
76 26
77 26
78 26
79 26
80 26
81 26
82 26
83 26
84 26
85 26
86 26
87 26
88 26
89 26
90 26
91 26
92 26
93 26
94 26
95 26
96 26
97 26
98 26
99 26
100 26
101 26
102 26
103 26
104 26
105 26
106 26
107 26
108 26
109 26
110 26
111 26
112 26
113 26
114 26
115 26
116 26
117 26
118 26
119 26
120 26
121 26
122 26
123 26
124 26
125 26
126 26
127 26
128 26
129 26
130 26
131 26
132 26
133 26
134 26
135 26
136 26
137 26
138 26
139 26
140 26
141 26
142 26
143 26
144 26
145 26
146 26
147 26
148 26
149 26
150 26
151 26
152 26
153 26
154 26
155 26
156 26
157 26
158 26
159 26
160 26
161 26
162 26
163 26
164 26
165 26
166 26
167 26
168 26
169 26
170 26
171 26
172 26
173 26
174 26
175 26
176 26
177 26
178 26
179 26
180 26
181 26
182 26
183 26
184 26
185 26
186 26
187 26
188 26
189 26
190 26
191 26
192 26
193 26
194 26
195 26
196 26
197 26
198 26
199 26
200 26
201 26
202 26
203 26
204 26
205 26
206 26
207 26
208 26
209 26
210 26
211 26
212 26
213 26
214 26
215 26
216 26
217 26
218 26
219 26
220 26
221 26
222 26
223 26
224 26
225 26
226 26
227 26
228 26
229 26
230 26
231 26
232 26
233 26
234 26
235 26
236 26
237 26
238 26
239 26
240 26
241 26
242 26
243 26
244 26
245 26
246 26
247 26
248 26
249 26
250 26
251 26
252 26
253 26
254 26
255 26
256 26
257 26
258 26
259 26
260 26
261 26
262 26
263 26
264 26
265 26
266 26
267 26
268 26
269 26
270 26
271 26
272 26
273 26
274 26
275 26
276 26
277 26
278 26
279 26
280 26
281 26
282 26
283 26
284 26
285 26
286 26
287 26
288 26
289 26
290 26
291 26
292 26
293 26
294 26
295 26
296 26
297 26
298 26
299 26
300 26
301 26
302 26
303 26
304 26
305 26
306 26
307 26
308 26
309 26
310 26
311 26
312 26
313 26
314 26
315 26
316 26
317 26
318 26
319 26
320 26
321 26
322 26
323 26
324 26
325 26
326 26
327 26
328 26
329 26
330 26
331 26
332 26
333 26
334 26
335 26
336 26
337 26
338 26
339 26
340 26
341 26
342 26
343 26
344 26
345 26
346 26
347 26
348 26
349 26
350 26
351 26
352 26
353 26
354 26
355 26
356 26
357 26
358 26
359 26
360 26
361 26
362 26
363 26
364 26
365 26
366 26
367 26
368 26
369 26
370 26
371 26
372 26
373 26
374 26
375 26
376 26
377 26
378 26
379 26
380 26
381 26
382 26
383 26
384 26
385 26
386 26
387 26
388 26
389 26
390 26
391 26
392 26
393 26
394 26
395 26
396 26
397 26
398 26
399 26
400 26
401 26
402 26
403 26
404 26
405 26
406 26
407 26
408 26
409 26
410 26
411 26
412 26
413 26
414 26
415 26
416 26
417 26
418 26
419 26
420 26
421 26
422 26
423 26
424 26
425 26
426 26
427 26
428 26
429 26
430 26
431 26
432 26
433 26
434 26
435 26
436 26
437 26
438 26
439 26
440 26
441 26
442 26
443 26
444 26
445 26
446 26
447 26
448 26
449 26
450 26
451 26
452 26
453 26
454 26
455 26
456 26
457 26
458 26
459 26
460 26
461 26
462 26
463 26
464 26
465 26
466 26
467 26
468 26
469 26
470 26
471 26
472 26
473 26
474 26
475 26
476 26
477 26
478 26
479 26
480 26
481 26
482 26
483 26
484 26
485 26
486 26
487 26
488 26
489 26
490 26
491 26
492 26
493 26
494 26
495 26
496 26
497 26
498 26
499 26
500 26
0 0
