01              Unknown                               22        -1.00
010             Unknown                               22        -1.00
0101            Unknown                               22        -1.00
01012           Unknown                               22        -1.00
010123          Arrowtown                      0123   22  0.38   8.36
0101234         Arrowtown                     01234   22  0.38   8.36
01012345        Arrowtown                    012345   22  0.38   8.36
010123456       Arrowtown                   0123456   22  0.38   8.36
0101234567      Unknown                               22        -1.00
01012345678     Unknown                               22        -1.00
010123456789    Unknown                               22        -1.00
001             Unknown                                3        -1.00
0010            Unknown                                3        -1.00
00101           Unknown                                3        -1.00
001012          Unknown                                3        -1.00
0010123         Australia                      0123    3  1.40   4.20
00101234        Australia                     01234    3  1.40   4.20
001012345       Australia                    012345    3  1.40   4.20
0010123456      Australia                   0123456    3  1.40   4.20
00101234567     Australia                  01234567    3  1.40   4.20
001012345678    Australia                 012345678    3  1.40   4.20
0010123456789   Australia                0123456789    3  1.40   4.20
00101234567890  Unknown                                3        -1.00
001012345678901 Unknown                                3        -1.00
1               Local                             1    1  0.00   0.00
10              Local                            10    1  0.00   0.00
101             Local                           101    1  0.00   0.00
1012            Local                          1012    1  0.00   0.00
10123           Local                         10123    1  0.00   0.00
101234          Local                        101234    1  0.00   0.00
1012345         Local                       1012345    1  0.00   0.00
10123456        Local                      10123456    1  0.00   0.00
101234567       Local                     101234567    1  0.00   0.00
1012345678      Local                    1012345678    1  0.00   0.00
