3 4 5
5 12 13
8 15 17
7 24 25
20 21 29
12 35 37
9 40 41
28 45 53
11 60 61
33 56 65
16 63 65
48 55 73
13 84 85
36 77 85
39 80 89
65 72 97
20 99 101
60 91 109
15 112 113
44 117 125
88 105 137
17 144 145
24 143 145
51 140 149
85 132 157
119 120 169
52 165 173
19 180 181
57 176 185
104 153 185
95 168 193
28 195 197
133 156 205
84 187 205
21 220 221
140 171 221
60 221 229
105 208 233
120 209 241
32 255 257
23 264 265
96 247 265
69 260 269
115 252 277
160 231 281
161 240 289
68 285 293
207 224 305
136 273 305
25 312 313
75 308 317
204 253 325
36 323 325
175 288 337
180 299 349
225 272 353
27 364 365
76 357 365
252 275 373
135 352 377
152 345 377
189 340 389
228 325 397
40 399 401
120 391 409
29 420 421
87 416 425
297 304 425
145 408 433
203 396 445
84 437 445
280 351 449
168 425 457
261 380 461
31 480 481
319 360 481
93 476 485
44 483 485
155 468 493
132 475 493
217 456 505
336 377 505
220 459 509
279 440 521
308 435 533
92 525 533
341 420 541
33 544 545
184 513 545
165 532 557
396 403 565
276 493 565
231 520 569
48 575 577
368 465 593
240 551 601
35 612 613
105 608 617
336 527 625
429 460 629
100 621 629
200 609 641
315 572 653
300 589 661
385 552 673
52 675 677
37 684 685
156 667 685
111 680 689
400 561 689
185 672 697
455 528 697
260 651 701
259 660 709
333 644 725
364 627 725
108 725 733
407 624 745
216 713 745
468 595 757
39 760 761
481 600 769
195 748 773
273 736 785
56 783 785
432 665 793
168 775 793
555 572 797
280 759 809
429 700 821
540 629 829
41 840 841
123 836 845
116 837 845
205 828 853
232 825 857
287 816 865
504 703 865
348 805 877
369 800 881
451 780 901
60 899 901
616 663 905
464 777 905
43 924 925
533 756 925
129 920 929
215 912 937
580 741 941
301 900 949
420 851 949
615 728 953
387 884 965
124 957 965
248 945 977
473 864 985
696 697 985
372 925 997
559 840 1009
45 1012 1013
660 779 1021
496 897 1025
64 1023 1025
192 1015 1033
315 988 1037
645 812 1037
320 999 1049
620 861 1061
731 780 1069
495 952 1073
448 975 1073
132 1085 1093
585 928 1097
47 1104 1105
744 817 1105
576 943 1105
264 1073 1105
141 1100 1109
235 1092 1117
329 1080 1129
423 1064 1145
704 903 1145
528 1025 1153
765 868 1157
68 1155 1157
517 1044 1165
204 1147 1165
340 1131 1181
611 1020 1189
660 989 1189
832 855 1193
49 1200 1201
147 1196 1205
476 1107 1205
245 1188 1213
705 992 1217
140 1221 1229
612 1075 1237
441 1160 1241
280 1209 1241
799 960 1249
539 1140 1261
420 1189 1261
748 1035 1277
637 1116 1285
893 924 1285
560 1161 1289
72 1295 1297
51 1300 1301
255 1288 1313
735 1088 1313
360 1271 1321
357 1276 1325
884 987 1325
833 1056 1345
504 1247 1345
561 1240 1361
840 1081 1369
148 1365 1373
931 1020 1381
663 1216 1385
296 1353 1385
53 1404 1405
444 1333 1405
159 1400 1409
265 1392 1417
792 1175 1417
371 1380 1429
592 1305 1433
477 1364 1445
76 1443 1445
228 1435 1453
583 1344 1465
936 1127 1465
740 1269 1469
380 1419 1469
969 1120 1481
689 1320 1489
532 1395 1493
55 1512 1513
888 1225 1513
165 1508 1517
795 1292 1517
684 1363 1525
156 1517 1525
385 1488 1537
312 1505 1537
901 1260 1549
495 1472 1553
1036 1173 1565
836 1323 1565
1007 1224 1585
624 1457 1585
715 1428 1597
80 1599 1601
240 1591 1609
988 1275 1613
780 1421 1621
57 1624 1625
1113 1184 1625
285 1612 1637
399 1600 1649
560 1551 1649
935 1368 1657
1140 1219 1669
720 1519 1681
627 1564 1685
164 1677 1685
1045 1332 1693
328 1665 1697
741 1540 1709
1092 1325 1717
492 1645 1717
880 1479 1721
1155 1292 1733
59 1740 1741
177 1736 1745
656 1617 1745
295 1728 1753
413 1716 1765
84 1763 1765
969 1480 1769
1040 1431 1769
1248 1265 1777
531 1700 1781
820 1581 1781
420 1739 1789
649 1680 1801
767 1656 1825
984 1537 1825
885 1628 1853
172 1845 1853
61 1860 1861
183 1856 1865
344 1833 1865
305 1848 1873
1148 1485 1877
427 1836 1885
1003 1596 1885
924 1643 1885
516 1813 1885
1311 1360 1889
549 1820 1901
688 1785 1913
671 1800 1921
1121 1560 1921
1092 1595 1933
1312 1425 1937
88 1935 1937
793 1776 1945
264 1927 1945
860 1749 1949
1239 1520 1961
440 1911 1961
915 1748 1973
63 1984 1985
616 1887 1985
1032 1705 1993
315 1972 1997
1037 1716 2005
1357 1476 2005
792 1855 2017
180 2021 2029
1159 1680 2041
360 2009 2041
693 1924 2045
1204 1653 2045
1428 1475 2053
819 1900 2069
1281 1640 2081
720 1961 2089
1376 1593 2105
1144 1767 2105
65 2112 2113
195 2108 2117
92 2115 2117
1403 1596 2125
276 2107 2125
1071 1840 2129
455 2088 2137
460 2091 2141
585 2072 2153
1320 1711 2161
1197 1804 2165
644 2067 2165
715 2052 2173
1525 1548 2173
828 2035 2197
188 2205 2213
1260 1829 2221
1496 1647 2225
376 2193 2225
1012 1995 2237
67 2244 2245
564 2173 2245
201 2240 2249
1449 1720 2249
335 2232 2257
1105 1968 2257
469 2220 2269
752 2145 2273
1440 1769 2281
603 2204 2285
1196 1947 2285
1235 1932 2293
1575 1672 2297
737 2184 2305
96 2303 2305
940 2109 2309
871 2160 2329
480 2279 2329
1365 1892 2333
1380 1891 2341
1128 2065 2353
672 2255 2353
1005 2132 2357
1495 1848 2377
69 2380 2381
1139 2100 2389
345 2368 2393
483 2356 2405
1564 1827 2405
1316 2013 2405
196 2397 2405
392 2385 2417
1273 2064 2425
1056 2183 2425
588 2365 2437
759 2320 2441
897 2296 2465
1407 2024 2465
1504 1953 2465
784 2337 2465
1248 2135 2473
1748 1755 2477
980 2301 2501
100 2499 2501
1541 1980 2509
300 2491 2509
71 2520 2521
213 2516 2525
1173 2236 2525
355 2508 2533
1692 1885 2533
497 2496 2545
1176 2257 2545
700 2451 2549
1675 1932 2557
639 2480 2561
1311 2200 2561
781 2460 2581
900 2419 2581
1632 2015 2593
923 2436 2605
204 2597 2605
1809 1880 2609
408 2585 2617
1100 2379 2621
1065 2408 2633
1568 2145 2657
73 2664 2665
1207 2376 2665
1824 1943 2665
816 2537 2665
219 2660 2669
1300 2331 2669
365 2652 2677
511 2640 2689
1725 2068 2693
1349 2340 2701
1020 2501 2701
657 2624 2705
104 2703 2705
312 2695 2713
803 2604 2725
1764 2077 2725
520 2679 2729
1491 2300 2741
949 2580 2749
728 2655 2753
1095 2552 2777
1633 2256 2785
936 2623 2785
1700 2211 2789
1428 2405 2797
1960 2001 2801
1241 2520 2809
75 2812 2813
212 2805 2813
1144 2583 2825
424 2793 2825
1775 2208 2833
525 2788 2837
1387 2484 2845
636 2773 2845
1632 2345 2857
1900 2139 2861
825 2752 2873
848 2745 2873
1533 2444 2885
1917 2156 2885
975 2728 2897
1060 2709 2909
108 2915 2917
1679 2400 2929
1560 2479 2929
2059 2100 2941
540 2891 2941
1272 2665 2953
1275 2668 2957
77 2964 2965
756 2867 2965
231 2960 2969
385 2952 2977
1825 2352 2977
1425 2632 2993
1768 2415 2993
2040 2201 3001
693 2924 3005
1484 2613 3005
1971 2300 3029
220 3021 3029
1188 2795 3037
440 3009 3041
1001 2880 3049
660 2989 3061
1976 2343 3065
1696 2553 3065
1155 2852 3077
1725 2548 3077
2117 2244 3085
1404 2747 3085
880 2961 3089
1309 2820 3109
79 3120 3121
237 3116 3125
395 3108 3133
1908 2485 3133
112 3135 3137
553 3096 3145
1463 2784 3145
2184 2263 3145
336 3127 3145
711 3080 3161
560 3111 3161
1320 2881 3169
869 3060 3181
1027 3036 3205
1836 2627 3205
2120 2409 3209
1008 3055 3217
1540 2829 3221
1771 2700 3229
1185 3008 3233
2175 2392 3233
228 3245 3253
1232 3015 3257
1343 2976 3265
456 3233 3265
1925 2652 3277
2052 2555 3277
81 3280 3281
1760 2769 3281
405 3268 3293
2325 2332 3293
1501 2940 3301
567 3256 3305
1456 2967 3305
912 3185 3313
2079 2600 3329
891 3220 3341
1659 2900 3341
1980 2701 3349
1140 3149 3349
1680 2911 3361
1053 3196 3365
116 3363 3365
348 3355 3373
1817 2856 3385
2233 2544 3385
580 3339 3389
812 3315 3413
1377 3136 3425
1904 2847 3425
1975 2808 3433
83 3444 3445
2387 2484 3445
1596 3053 3445
1044 3283 3445
249 3440 3449
415 3432 3457
1539 3100 3461
581 3420 3469
747 3404 3485
2133 2756 3485
1276 3243 3485
236 3477 3485
2128 2775 3497
472 3465 3497
913 3384 3505
1824 2993 3505
708 3445 3517
1079 3360 3529
1508 3195 3533
2291 2700 3541
1863 3016 3545
944 3417 3545
1245 3332 3557
1180 3381 3581
1411 3300 3589
1740 3139 3589
2025 2968 3593
2449 2640 3601
120 3599 3601
85 3612 3613
255 3608 3617
1577 3264 3625
1416 3337 3625
595 3588 3637
2280 2849 3649
840 3551 3649
765 3572 3653
1972 3075 3653
1743 3224 3665
2576 2607 3665
935 3552 3673
1652 3285 3677
1105 3528 3697
2349 2860 3701
1909 3180 3709
1320 3479 3721
2204 3003 3725
244 3717 3725
2508 2765 3733
1888 3225 3737
488 3705 3737
2075 3132 3757
732 3685 3757
2511 2800 3761
1560 3431 3769
87 3784 3785
976 3657 3785
1615 3432 3793
435 3772 3797
2436 2923 3805
2124 3157 3805
609 3760 3809
2241 3080 3809
1220 3621 3821
1785 3392 3833
957 3724 3845
124 3843 3845
372 3835 3853
2407 3024 3865
1464 3577 3865
1131 3700 3869
620 3819 3869
1955 3348 3877
2360 3081 3881
2040 3311 3889
2668 2835 3893
868 3795 3893
1708 3525 3917
2573 2964 3925
1116 3763 3925
1479 3640 3929
89 3960 3961
2280 3239 3961
267 3956 3965
1653 3604 3965
2596 2997 3965
1364 3723 3965
445 3948 3973
252 3965 3973
2295 3248 3977
1952 3465 3977
623 3936 3985
504 3953 3985
2739 2900 3989
801 3920 4001
1612 3675 4013
979 3900 4021
2465 3192 4033
1008 3905 4033
1157 3876 4045
2196 3397 4045
2001 3520 4049
2832 2905 4057
1860 3619 4069
1260 3869 4069
1335 3848 4073
2635 3132 4093
2175 3472 4097
128 4095 4097
1513 3816 4105
384 4087 4105
2440 3321 4121
640 4071 4121
2760 3071 4129
2108 3555 4133
91 4140 4141
1691 3780 4141
273 4136 4145
896 4047 4145
455 4128 4153
2805 3068 4157
1152 4015 4177
819 4100 4181
1869 3740 4181
1001 4080 4201
2684 3237 4205
2356 3483 4205
1408 3975 4217
2047 3696 4225
2016 3713 4225
260 4221 4229
520 4209 4241
1365 4028 4253
780 4189 4261
2697 3304 4265
1664 3927 4265
2225 3648 4273
1547 3996 4285
2604 3403 4285
1040 4161 4289
2928 3145 4297
1729 3960 4321
1920 3871 4321
93 4324 4325
2403 3596 4325
465 4312 4337
651 4300 4349
132 4355 4357
2520 3569 4369
1560 4081 4369
2852 3315 4373
2581 3540 4381
660 4331 4381
1023 4264 4385
2176 3807 4385
3045 3172 4397
2093 3876 4405
924 4307 4405
1209 4240 4409
1820 4029 4421
2759 3480 4441
2275 3828 4453
2772 3485 4453
2432 3735 4457
1581 4180 4469
3100 3219 4469
2080 3969 4481
268 4485 4493
1767 4144 4505
2457 3776 4505
2937 3416 4505
536 4473 4505
95 4512 4513
285 4508 4517
1716 4187 4525
804 4453 4525
665 4488 4537
2688 3655 4537
2340 3901 4549
855 4472 4553
1072 4425 4553
2639 3720 4561
1045 4452 4573
3115 3348 4573
2139 4060 4589
1340 4389 4589
1235 4428 4597
2821 3660 4621
2944 3567 4625
136 4623 4625
1608 4345 4633
408 4615 4633
2325 4012 4637
3276 3293 4645
2244 4067 4645
680 4599 4649
1615 4368 4657
952 4575 4673
3003 3596 4685
1876 4293 4685
97 4704 4705
1224 4543 4705
291 4700 4709
2860 3741 4709
485 4692 4717
2508 3995 4717
3200 3471 4721
679 4680 4729
1995 4292 4733
873 4664 4745
2697 3904 4745
2144 4233 4745
1496 4503 4745
1067 4644 4765
276 4757 4765
2185 4248 4777
552 4745 4777
1261 4620 4789
1768 4455 4793
3120 3649 4801
2412 4165 4813
1455 4592 4817
3367 3456 4825
1104 4697 4825
1649 4560 4849
2040 4399 4849
1380 4661 4861
2565 4148 4877
1843 4524 4885
3036 3827 4885
2680 4089 4889
99 4900 4901
140 4899 4901
420 4891 4909
495 4888 4913
693 4876 4925
2037 4484 4925
2755 4092 4933
3255 3712 4937
1932 4565 4957
2231 4440 4969
2948 4005 4973
3300 3731 4981
1260 4819 4981
1287 4816 4985
2584 4263 4985
2945 4032 4993
3441 3640 5009
2425 4392 5017
2208 4505 5017
1540 4779 5021
1683 4756 5045
284 5037 5045
3135 3968 5057
568 5025 5057
3216 3913 5065
2856 4183 5065
2619 4340 5069
1820 4731 5069
852 5005 5077
1881 4720 5081
101 5100 5101
303 5096 5105
1136 4977 5105
505 5088 5113
707 5076 5125
2813 4284 5125
909 5060 5141
1420 4941 5141
3128 4095 5153
1111 5040 5161
2760 4361 5161
2277 4636 5165
3484 3813 5165
1313 5016 5185
3007 4224 5185
1704 4897 5185
144 5183 5185
2380 4611 5189
3515 3828 5197
720 5159 5209
1515 4988 5213
2475 4588 5213
1008 5135 5233
1988 4845 5237
1717 4956 5245
3036 4277 5245
3201 4160 5249
3400 3999 5249
2660 4539 5261
3705 3752 5273
1919 4920 5281
2272 4785 5297
103 5304 5305
1584 5063 5305
309 5300 5309
515 5292 5317
3395 4092 5317
2121 4880 5321
2871 4480 5321
721 5280 5329
292 5325 5333
927 5264 5345
584 5313 5345
3672 3895 5353
1872 5015 5353
1133 5244 5365
2323 4836 5365
2556 4717 5365
876 5293 5365
3069 4420 5381
1339 5220 5389
3589 4020 5389
1168 5265 5393
2525 4788 5413
1545 5192 5417
3220 4371 5429
1460 5229 5429
3588 4085 5437
2840 4641 5441
1751 5160 5449
2727 4736 5465
3783 3944 5465
2448 4895 5473
1752 5185 5473
148 5475 5477
1957 5124 5485
444 5467 5485
740 5451 5501
105 5512 5513
3465 4288 5513
2929 4680 5521
2163 5084 5525
3124 4557 5525
2044 5133 5525
1036 5427 5525
3864 3977 5545
2736 4823 5545
1332 5395 5557
2369 5040 5569
1155 5452 5573
3131 4620 5581
3663 4216 5585
2336 5073 5585
1365 5428 5597
1628 5355 5597
2575 4992 5617
3408 4465 5617
3780 4171 5629
300 5621 5629
600 5609 5641
3333 4556 5645
1924 5307 5645
2628 5005 5653
1785 5368 5657
2781 4940 5669
1200 5561 5689
1995 5332 5693
2220 5251 5701
3535 4488 5713
3312 4655 5713
3692 4365 5717
107 5724 5725
2987 4884 5725
321 5720 5729
2920 4929 5729
535 5712 5737
4059 4060 5741
749 5700 5749
963 5684 5765
2516 5187 5765
2415 5248 5777
152 5775 5777
1177 5664 5785
3193 4824 5785
3737 4416 5785
456 5767 5785
760 5751 5801
1391 5640 5809
3600 4559 5809
3212 4845 5813
2100 5429 5821
3976 4257 5825
1064 5727 5825
1605 5612 5837
2812 5115 5837
3399 4760 5849
1368 5695 5857
3939 4340 5861
1819 5580 5869
2400 5369 5881
1672 5655 5897
2033 5544 5905
3504 4753 5905
3605 4692 5917
3108 5035 5917
3045 5092 5933
308 5925 5933
109 5940 5941
4141 4260 5941
327 5936 5945
2247 5504 5945
1976 5607 5945
616 5913 5945
545 5928 5953
763 5916 5965
924 5893 5965
981 5900 5981
2461 5460 5989
3811 4620 5989
3255 5032 5993
1232 5865 5993
